2.298911106273731519e+00 5.422499367736033360e-01 -1.851240269940709338e-01 -2.154783003929347240e-01 1.501124154138039901e-01 7.435447718588175103e-01
2.587793710335291486e+00 6.532366589958569225e-01 -7.891549225722881145e-02 -1.761470883313487612e-01 8.338327208614536301e-02 7.460683007048498627e-01
2.278566312283025308e+00 -1.952758726518953603e-01 -2.243621944840838017e-02 2.128816399347990551e-01 2.269599440555283010e-01 7.307736095408365884e-01
1.573016508931672108e+00 -1.938869953263488544e+00 -1.032565456031909745e+00 3.448388496605270803e-01 7.077412488627667086e-02 7.546865495543386704e-01
2.602406038100152585e+00 -8.132857772320546408e-01 -4.633619828083844205e-01 1.999355881499821908e-01 -6.454579846831104417e-02 6.146555357071714631e-01
-2.921775396170727568e+00 1.037884411024385223e+00 4.956225185587347926e-01 2.424969335294420714e-01 -2.632079827987326634e-02 5.774356364828047150e-01
2.295410138411342782e+00 -3.113666430379927741e-01 -4.438931400737887722e-01 -4.273416973729830121e-02 5.309934394706834482e-01 4.938063913217494716e-01
2.348162345419226416e+00 -9.090468438625989300e-01 -3.238738986338979831e-01 1.206544350361104245e-01 3.916273584141763409e-01 5.273913782178115683e-01
1.750020730951013181e+00 -6.187543846063743302e-01 -8.263434522319863529e-01 4.031620631777738661e-01 3.562505490296375976e-01 3.243632378828170126e-01
1.931190933978283564e+00 -6.889298392643519557e-03 -2.129673761619729766e-01 4.361792840619219680e-01 6.366077413880374403e-01 4.816895158124098741e-01
1.479127725494035150e+00 1.707492299945717606e-02 1.045428794032304907e-03 -2.660255818730672753e-02 7.482476511951219322e-01 1.188212363491367995e-01
1.745168544063840921e+00 2.262402719810781559e-01 -8.563020466783767548e-02 2.014186613121681790e-01 6.406582924437458360e-01 1.868087843097709921e-01
1.954937925423579914e+00 -1.452296641923594089e+00 -7.191004920215746665e-01 5.520513985448576300e-01 -3.699656550623458551e-01 4.948888678473002956e-01
1.025982736959722086e+00 -2.184031936128621787e+00 -1.107226741550398907e+00 7.005491619602645381e-02 -4.205910600593608106e-01 4.580448842282326405e-01
2.200266738073934913e+00 -7.854462190019851908e-01 -1.461399068131682133e-01 1.742998230948291094e-01 4.554311449790934829e-01 3.975799535214282754e-01
2.389937471294259819e+00 -7.056161129999228843e-01 -2.071947534519005645e-03 6.307677146917303745e-02 4.359490526067888450e-01 6.803958895901790482e-01
1.892337649004056432e+00 -1.985711938694337542e-01 -1.770421979258454681e-01 3.340947336988357441e-01 5.348830378615413439e-01 6.092113781612119583e-01
2.604741956069165365e+00 -1.259133743136770622e+00 -4.760471217704627112e-01 2.202083061340763259e-01 -9.265968673213513529e-02 7.376890310070194356e-01
1.865741204970840394e+00 -1.245956625429228026e+00 -1.252661702004065347e+00 4.566310587766725382e-01 -3.740200692396670745e-01 2.328557340164481293e-01
1.617962435238728736e+00 -1.837722200651258575e+00 -4.904276293095309880e-01 2.649748960196714465e-01 6.994427349817955442e-02 6.281394094033195818e-01
2.284547826670605186e+00 -7.939545994031486087e-01 -4.390842680428118094e-01 4.198351230835553616e-01 -6.425414034804012575e-02 7.486630377668205272e-01
2.421543935094260025e+00 -5.980087191143874659e-01 -1.686863716012134418e-01 2.399405383158199068e-01 1.037148417717244885e-02 7.001679372723126349e-01
1.678589638646950988e+00 1.167683401143692484e-02 3.708822496532678675e-02 1.001964195321928264e-01 6.305101328169266939e-01 6.024534103917037475e-01
1.851264599896995433e+00 -1.173630189195032023e-02 -2.357910483599135187e-01 2.920724567742973843e-01 5.585762705376755566e-01 5.543490446719311349e-01
2.261564096566729187e+00 -6.097987541014928681e-01 -1.340081993442558163e-02 2.127120162336345599e-01 1.827198267320516156e-01 8.220899377290215027e-01
1.848436829003316184e+00 -3.480949685850589365e-02 -4.866334759914196784e-02 5.881547031889304833e-01 4.355298244029056631e-01 8.466082365365853457e-01
1.681116615448661644e+00 -2.524211192092405409e-01 2.705610386878077311e-01 2.808239667418688801e-01 6.021282403269542227e-01 8.600938269572449002e-01
2.163930347318841374e+00 -1.086006353130058999e+00 -1.232512855666003382e-01 1.085073277863989605e-01 2.106511209604918500e-01 8.024876184684868186e-01
2.191026711424638229e+00 -7.067489290939781288e-01 -1.649474536052080720e-01 1.449600710083903399e-01 4.233084172047806848e-01 5.371532583483884515e-01
2.210689599152791285e+00 -4.842200127984262470e-01 -8.369560640939356366e-01 6.531186660659373810e-01 6.588083245927750520e-02 3.037023628798851682e-01
2.409733461657773912e+00 -6.641486447848137242e-01 -2.151644858779820368e-01 2.486338098726841028e-01 3.042615342484756777e-02 7.102469662321542199e-01
2.090208330275332482e+00 -1.615799179422320098e+00 -6.563495918596674583e-01 3.348858439988184332e-01 1.760793946020741685e-01 8.189070272582570365e-01
1.652089209694532546e+00 -1.995748644736497157e+00 -8.268723040541005043e-01 3.183209560265305993e-01 7.294210316500901459e-02 6.922320558428911585e-01
1.693588088983676077e+00 -2.286333250907297554e+00 -8.884503074572145387e-01 2.066619235479977557e-01 1.242672102641130122e-01 5.515815631889491311e-01
1.690793672173610984e+00 -1.237398595032271453e+00 -8.265602172134267622e-01 5.025037507334857434e-01 3.547765553580404241e-01 6.129784019159582042e-01
2.220672929226858994e+00 -7.399123893135960417e-01 -1.151210005485717447e-01 1.296053697738555888e-01 3.327303108872452508e-01 5.989187139665311799e-01
2.149975353250128673e+00 -7.173481548264638852e-02 -5.420082274596684790e-01 3.070330135484217182e-01 4.554961825216273241e-01 3.996377403856870569e-01
