0.125299 -0.567196 0.798126 0.159949
-0.179892 0.705903 -0.682118 -0.063669
-0.241753 0.798347 -0.549616 0.046043
-0.288329 0.822144 -0.480074 0.102345
0.079942 -0.633114 0.76275 0.104825
-0.043165 -0.638408 0.76847 -0.005116
-0.071953 -0.674195 0.734217 -0.034785
0.01251 0.758963 -0.644788 0.089819
-0.005258 0.816303 -0.539774 0.205588
-0.080247 0.866293 -0.430451 0.240435
-0.148946 0.813002 -0.50799 0.242462
-0.157026 0.770785 -0.599373 0.148274
0.072258 -0.668257 0.730893 -0.118351
0.042534 -0.525463 0.846988 0.068493
0.005691 -0.48205 0.867591 0.121989
-0.055811 -0.609594 0.764668 0.201401
-0.008392 -0.553329 0.804312 0.216423
-0.000154 -0.568665 0.769915 0.28957
-0.074197 -0.585461 0.74857 0.302279
-0.120842 -0.626889 0.71411 0.287147
0.197163 0.693693 -0.639334 -0.266774
0.192408 0.766125 -0.576317 -0.209502
0.14347 0.816729 -0.535332 -0.160588
-0.070088 -0.65264 0.749845 -0.082949
0.004899 0.756892 -0.630213 0.172983
-0.043586 0.809409 -0.540367 0.225745
-0.128667 0.849928 -0.424509 0.284357
-0.231052 0.826262 -0.440289 0.264674
-0.253331 0.861659 -0.366191 0.243457
-0.332437 0.841923 -0.379062 0.192258
-0.295046 0.84088 -0.388935 0.233662
-0.206707 0.738776 -0.636125 -0.082627
-0.267906 0.691633 -0.658962 -0.12506
0.160457 -0.400791 0.875894 0.215475
0.223387 -0.543264 0.783462 0.202853
0.188205 -0.529143 0.786495 0.256929
0.184556 -0.61419 0.728086 0.242076
-0.00104 -0.485426 0.819948 0.303391
0.022976 -0.391848 0.860954 0.323552
0.032235 -0.463566 0.788005 0.403874
-0.088541 0.701961 -0.630853 -0.318491
0.121757 -0.606413 0.753786 0.221913
-0.104837 0.72271 -0.64861 -0.214485
-0.178702 0.800507 -0.558288 -0.124776
-0.173618 0.886957 -0.42766 -0.016474
-0.186908 0.876267 -0.441698 0.04608
-0.239778 0.844945 -0.46966 0.089415
0.013285 -0.572024 0.805331 -0.155091
0.006716 -0.537522 0.828755 -0.155529
-0.089913 -0.496048 0.859269 -0.086649
-0.13576 -0.491145 0.84909 -0.139256
-0.12971 -0.526887 0.827384 -0.14492
-0.137051 -0.574862 0.78706 -0.176886
-0.019387 0.688913 -0.67638 0.25987
-0.087776 0.737654 -0.609591 0.276696
-0.146349 0.755461 -0.539393 0.34193
-0.163548 0.781909 -0.500255 0.334089
-0.178355 0.803534 -0.464716 0.326438
-0.184447 0.81212 -0.449534 0.323048
-0.19038 0.819592 -0.44691 0.303804
-0.236872 0.835207 -0.419011 0.265989
-0.236856 0.835212 -0.418999 0.266009
-0.241985 0.841999 -0.441587 0.1936
-0.246454 0.813544 -0.508797 0.136133
-0.21815 0.742889 -0.632872 0.000171
0.120294 -0.577094 0.805802 0.056342
0.060211 -0.513116 0.849042 0.110518
0.050831 -0.532661 0.826218 0.176217
-0.044801 -0.486286 0.85824 0.157935
-0.016584 -0.597717 0.759305 0.25674
0.048181 0.686936 -0.679654 -0.252721
0.040045 0.784615 -0.601053 -0.146668
0.071996 0.784983 -0.600572 -0.133909
-0.04329 0.872417 -0.486834 -0.002571
0.107159 -0.683138 0.721711 0.031183
-0.138818 0.750909 -0.645456 0.015865
-0.116095 0.746145 -0.651841 0.069957
-0.116756 0.752378 -0.644638 0.068828
-0.145331 0.745129 -0.594236 0.265604
-0.003297 0.737065 -0.675475 -0.021398