0.145462 0.884411 0.443433 -0.004913
0.017591 -0.418383 0.895195 0.152554
0.01397 -0.414825 0.898214 0.144696
0.031455 -0.411288 0.896014 0.164354
0.014358 -0.393236 0.899479 0.189991
-0.003162 -0.339851 0.922474 0.183119
-0.057108 -0.302108 0.92586 0.219665
-0.037194 -0.41068 0.892447 0.183021
0.008899 -0.468841 0.867585 0.165545
-0.065864 -0.400421 0.881748 0.240509
-0.007208 -0.498097 0.843081 0.202637
-0.002632 -0.482412 0.86831 0.115368
0.047123 -0.476156 0.873989 0.084847
0.077078 -0.467754 0.877567 0.071711
0.12468 -0.565573 0.813022 0.059811
0.155456 -0.540356 0.823602 0.074352
0.178876 -0.594754 0.77955 0.081071
0.212093 -0.647357 0.726529 0.090008
0.239612 -0.631086 0.727587 0.122204
0.246625 -0.651561 0.716198 0.041289
0.250298 -0.601045 0.759008 0.001485
0.230175 -0.54778 0.804226 -0.013327
0.18657 -0.483173 0.855104 -0.023083
0.183051 -0.47601 0.859254 -0.039871
0.116174 -0.387149 0.913813 -0.039566
0.073637 -0.324849 0.942298 -0.033552
0.034252 -0.233623 0.971403 -0.024958
-0.000152 -0.233454 0.972358 -0.004346
-0.03547 -0.430605 0.901451 0.026593
-0.065287 -0.359771 0.928768 0.060757
-0.094211 -0.264648 0.95378 0.106725
-0.098565 -0.301097 0.936676 0.149212
-0.053736 -0.495906 0.841913 0.205847
-0.089439 -0.489905 0.838175 0.222389
-0.140778 -0.560377 0.790261 0.204075
-0.139723 -0.598159 0.778311 0.130064
-0.086247 -0.656076 0.745044 0.08388
-0.102809 -0.554516 0.823429 0.062501
-0.054654 -0.635788 0.769804 0.0137
0.029119 0.714983 -0.697758 0.032954
-0.000178 0.761715 -0.644308 0.06824
0.070908 -0.64471 0.754168 -0.102722
0.210139 -0.387954 0.887713 -0.131528
0.227065 -0.438319 0.858078 -0.141489
0.274644 -0.497735 0.809306 -0.147836