284.704036 1409.861336 933.579239
14.803346 1494.42511 929.93643
-206.537232 1426.208246 936.985829
-385.00782 1434.805918 943.253883
-368.857239 1349.644586 953.995821
-190.407728 1354.221355 935.758826
91.10742 1360.32435 929.93253
256.561791 1340.141159 931.46168
267.42972 1199.030169 934.522668
130.092888 1215.193409 904.117323
-94.161524 1200.76884 897.854818
-211.633264 1189.953285 900.327958
-350.303414 1152.390191 960.259674
105.235027 1591.996635 952.20633
342.677523 1558.332279 951.833531
484.329533 1525.405951 954.574056
481.953141 1353.818025 954.111825
308.900949 1412.247917 943.9362
208.535661 1417.96715 961.124796
-43.790648 1435.551056 950.020689
-200.284276 1424.164144 952.857288
-181.164628 1312.015728 883.678594
-405.131188 1251.99058 893.890132
-367.644192 1157.754545 816.249281
-208.676933 1211.441455 812.135834
-1.1502 1237.111821 807.863969
201.652201 1250.594804 894.139174
401.791542 1187.000806 894.47702
400.180229 1205.426872 899.67339
354.357096 1079.942604 968.125528
128.725599 1141.536602 969.240594
-22.338604 1147.467122 967.117793
-187.102185 1122.32238 964.764189
-337.298293 1138.947491 920.589063
-436.720569 1093.744966 923.825679
-562.199523 1395.768929 844.760126
-258.119693 1390.505751 1014.554357
-169.596468 1408.908266 994.362641
38.771378 1428.983426 984.368735
150.583508 1421.416907 984.137128