-0.194014 0.805121 -0.525555 -0.194756
-0.283103 -0.611466 0.718008 0.174431
-0.265805 -0.640643 0.703639 0.154324
-0.263414 -0.667438 0.686522 0.117588
0.2067 0.723693 -0.656272 -0.053392
0.195913 0.76674 -0.611329 -0.002171
0.165219 0.813539 -0.55068 0.087227
0.072922 0.864494 -0.472694 0.154577
0.036291 0.882146 -0.414003 0.221592
0.024259 0.882877 -0.399799 0.245154
-0.034699 0.840315 -0.470074 0.267762
-0.081256 0.859925 -0.399846 0.306675
-0.130034 0.829099 -0.448641 0.307257
-0.093247 0.808692 -0.503837 0.288913
-0.092595 0.804446 -0.53733 0.23573
-0.080376 0.786657 -0.577086 0.204162
-0.048109 0.74038 -0.660268 0.116484
0.015871 0.786379 -0.616263 0.039694
0.039973 0.73783 -0.673706 -0.011406
-0.076179 -0.640201 0.761095 0.071231
-0.049691 -0.626832 0.771346 0.098175
-0.02303 -0.677788 0.73067 0.078702
-0.002621 0.751981 -0.659088 -0.010994
-0.043409 0.824856 -0.559792 0.066043
-0.090094 0.869144 -0.466691 0.136644
-0.090312 0.879675 -0.401688 0.238037
-0.137665 0.895141 -0.316279 0.28238
-0.248956 0.916266 -0.273027 0.154706
-0.286969 0.895135 -0.330518 0.084494
-0.317355 0.853173 -0.412434 0.035776
-0.266133 0.756425 -0.592763 -0.075007
0.245787 -0.667494 0.692045 0.122939
0.23941 -0.668148 0.683013 0.172496
0.175758 -0.618025 0.738591 0.204051
0.155621 -0.631012 0.733199 0.200064