485.863694 1074.025486 991.97042
939.905627 1474.14506 891.486086
844.465671 1479.842722 884.810785
786.385731 1509.103414 881.768763
666.702955 1575.16035 871.609436
529.305817 1625.026595 869.647423
406.664865 1659.280582 868.699862
256.931735 1613.221796 867.190197
195.680992 1626.038357 872.907411
202.781719 1627.174763 875.610248
93.656411 1563.534091 878.840902
-33.355961 1571.620877 886.329127
-102.095602 1500.622544 889.162174
14.750945 1494.069298 883.968569
76.03129 1500.097602 876.379325
161.539264 1495.777519 872.014837
281.419282 1482.329863 863.271731
354.641041 1463.458178 859.437473
456.444326 1482.931051 859.353351
677.484595 1392.910645 861.814046
679.235186 1296.699043 857.727857
546.401276 1363.890477 856.279549
412.514377 1423.124448 913.54329
244.920925 1450.192331 915.128073
129.280481 1469.056396 920.663118
75.485415 1463.248679 930.952165
-55.281685 1471.149893 938.702533
-67.018294 1125.321119 935.237211
59.819905 1143.953182 936.193326
227.488052 1135.611793 939.577714
329.779054 1105.449165 932.686326
451.426948 1061.414048 932.426553
494.831956 1044.066214 935.541474
564.545871 993.949827 931.621574
662.868632 919.2746 929.083593