0.650874 0.291839 0.6857 0.144943
0.654563 0.310372 0.677515 0.127235
0.676428 0.27382 0.679554 0.075324
0.756885 0.258205 0.58953 0.11362
0.751652 0.25922 0.596172 0.111369
0.745236 0.247721 0.60639 0.124697
0.737933 0.247363 0.615555 0.12393
0.709936 0.252619 0.647642 0.112847
0.675628 0.240922 0.685982 0.122114
0.64758 0.243279 0.713654 0.110245
0.606781 0.236237 0.750912 0.110185
0.550001 0.255407 0.789954 0.090766
0.527773 0.257867 0.804965 0.083615
0.738216 0.214854 0.619995 0.156467
0.779283 0.20222 0.568369 0.169651
0.791696 0.203463 0.547492 0.179087
0.777072 0.16748 0.559246 0.235271
0.638694 0.204105 0.710249 0.214378
0.630621 0.168656 0.716467 0.246062
0.556195 0.192316 0.775661 0.228059
0.591383 0.356261 0.716753 0.098031
0.770959 0.313851 0.518633 0.195293
0.69067 0.171802 0.585998 0.387382
0.686459 0.203463 0.597212 0.361543
0.680189 0.131502 0.652512 0.307048
0.708053 0.214114 0.635899 0.22011
0.45509 0.360723 0.810052 0.081163
0.369436 0.394011 0.841146 0.02731
0.370687 0.51623 0.77144 -0.03128
0.341436 0.540736 0.765691 -0.068871
0.317684 0.404708 0.855035 -0.064837
0.308509 -0.021186 0.950463 0.031515
0.294912 0.00629 0.948216 0.11779
0.392515 -0.005563 0.912275 0.116858
0.451944 0.372584 0.799154 0.135209
0.496721 0.254172 0.820377 0.125087
0.700956 0.213461 0.660197 0.165027
0.629871 -0.060813 0.758917 0.153653
0.623891 0.124386 0.77144 0.012976
0.601796 0.208141 0.760692 0.125961

