158.151251 864.034491 1185.315543
66.360144 856.898448 1184.083848
-42.965257 858.535179 1184.47248
-191.886163 838.687263 1186.603349
-296.225798 808.790876 1189.395808
-388.044546 769.879208 1191.759738
-475.437183 720.525841 1195.603063
-545.109666 671.586716 1200.770216
-608.150779 814.149203 1197.892266
-498.412245 877.922942 1197.911244
-383.433835 932.76837 1195.318839
-258.596703 972.761225 1190.47016
-242.355902 998.383918 1164.71582
-87.614242 1021.209414 1159.264189
15.042873 1023.816576 1156.934754
175.229896 1008.225085 1155.605353
274.773072 984.982268 1157.460387
262.810051 988.478855 1157.962452
371.993253 953.546439 1159.545587
511.227377 888.408552 1162.80994
574.992655 850.19762 1165.91528
645.346839 800.114911 1169.484464
638.041583 928.288001 1097.23621
476.649588 1017.689827 1089.306616
338.971219 1069.836316 1078.877918
257.101165 1098.054156 1072.896141
150.807758 1117.611416 1072.864182
9.753456 1127.18863 1069.769524
-175.047722 1108.619477 1069.08353
-284.843181 1082.243634 1069.785271
-311.858999 1238.261719 984.346734
-366.771502 1210.057627 996.688845
-472.523848 1146.260608 946.404725
-621.532138 1067.3456 953.046177
-723.983369 1004.599938 957.372267
-795.124962 956.629758 964.703729
358.813955 1170.433965 938.086063
284.664023 1197.618414 935.849873
169.852092 1226.581475 933.512757
71.564787 1241.22661 932.159034
77.307447 1319.660643 905.403175
-104.968452 1316.956442 903.763885
-163.3381 1309.155476 908.020141
-288.550094 1287.330846 907.972819
-394.824609 1253.101446 912.624438
-506.298874 1215.757284 916.943988
-665.789081 1130.958302 923.068502
-758.639997 1068.700156 942.737763
-753.441375 1259.311688 883.251224
-537.509529 1353.857518 884.507344
-329.046378 1411.628193 875.652683
-174.440314 1434.800951 870.638175
-48.359468 1441.30043 866.67719
140.55281 1434.062389 865.242113
141.267741 1441.536244 838.086936
138.230801 1408.302967 1107.808416
34.368926 1468.659964 1083.028907
259.61561 1444.623634 1079.955745
373.504275 1292.383888 1297.175929
358.614445 1239.294783 1473.324962
519.446279 1149.644538 1203.861845
585.800683 1314.675212 1099.686589
-20.083847 1532.698691 1012.397097
-414.801166 1353.601703 1251.23341
-333.107298 1225.074301 1384.390518
117.331261 1115.82112 1209.389171
-255.517728 1112.79259 1209.992998
-209.577072 944.334012 857.76946
-74.298342 952.422397 855.992986