1075.114746 244.88002 436.782196
1075.501587 277.154907 444.64444
1075.41748 297.025574 441.96579
1075.557373 297.035217 336.827209
1061.532715 261.842712 358.917389
1061.519775 237.44722 362.611267
1045.767334 250.685242 376.760193
1043.383301 252.7397 423.404449
1043.270264 252.775131 423.354706
1043.069702 252.727783 464.816467
995.423157 249.869873 524.298462
995.414368 249.93782 622.857727
995.408386 249.936295 622.865479
995.370911 206.601044 336.759216
995.360657 206.640198 316.177155
1009.89209 242.135391 276.18042
1034.789551 157.158844 276.272461
1034.498657 162.724716 463.036285
1034.330444 134.018463 462.919312
1034.276001 133.986755 554.30719
1075.487793 358.195343 554.373413
1075.553955 358.168091 298.799438
1075.815796 139.659607 298.859222
1011.677368 180.34642 307.539398
1011.786194 180.440735 394.510651
1011.746155 180.41893 394.484192
930.613464 455.959717 780.059265
1027.751831 435.770081 813.922852
1027.719238 425.062469 845.378845
1080.545776 451.328735 843.161072
1117.882446 453.914185 835.661011
1084.634888 341.684052 835.428223
1083.267944 175.074158 835.272461
818.17157 185.656143 823.979553
1051.975464 146.562714 646.384888
1059.439331 156.44722 584.446716
937.333679 158.641159 390.754059
939.932373 205.499954 503.112732
947.167786 389.485931 489.946808
911.330261 235.303482 489.936584