1104.453944 57.99312 909.382775
1098.165177 57.689765 900.646355
1129.258188 58.166296 577.371075
1132.44716 11.672509 551.707394
1113.071785 18.817015 539.073244
1086.07015 -76.82806 559.205528
1036.253344 352.330418 540.172729
991.33577 422.704278 539.644538
1024.130286 530.269662 515.658441
1135.622568 533.363281 485.450648
1178.903481 526.360086 495.103671
1162.908484 378.65853 501.984263
1195.694827 392.632266 672.101891
920.115583 279.98314 681.595546
1041.44839 350.055946 721.358944
1080.468416 189.703497 717.122185
1269.306576 201.255039 810.842181
1133.255494 221.286949 539.808267
1074.05033 189.92205 776.369378
1086.138238 69.822295 787.48523
1120.595409 3.01613 654.548415
1120.195183 -62.423359 599.806502
1144.738565 -150.634101 633.510941
1184.453273 -153.905395 667.997682
1210.063767 -167.855484 553.759984
1210.062942 -167.853364 553.75934
1195.144016 -157.336686 647.065218
1185.026022 -154.269391 731.384612
1209.596806 -195.803237 724.881428
1209.820756 -176.428591 595.602499
1207.233581 -54.871333 654.970615
1207.637051 82.857722 724.701957
1228.061067 386.605915 777.148945
1235.987856 403.296542 721.171498
1222.753016 432.240576 726.91303
1301.923631 464.219448 724.225509
1203.42736 267.757083 766.570954
1212.283954 304.635833 765.76137
1284.434165 128.791343 744.81904
1177.187027 -66.00757 713.289376
1174.340924 -24.614626 728.888457
1154.233358 -46.558554 965.318924
1114.023151 65.126681 972.429957
988.718527 53.074287 983.543472
964.270613 -237.462391 994.006618
1040.136546 -254.902227 844.928216
1044.674625 -239.951666 853.430055
1045.452843 -16.923156 902.089912
1187.937425 298.592418 891.060183
1173.443064 330.399293 907.257188
1098.545921 491.11349 899.874308
1024.012527 199.994021 709.789558
1023.681551 161.520532 834.920579
1231.588122 484.000687 877.467422
1150.799897 558.372015 870.421418
1323.240456 658.415281 842.907872
1268.183987 639.510591 850.618512
1273.435179 509.491104 830.326375
1317.862647 553.375939 677.686414
1340.617519 546.057198 631.144939
1175.6841 92.201063 530.036387
1145.686251 -24.448284 642.964342
1130.115219 -43.06742 707.329871
1166.451155 -43.178642 774.838683
1158.222592 -49.314153 878.131343
1234.339628 -54.857856 919.909502
1244.778142 44.793555 925.132673
1251.194177 169.290148 926.955511
1241.792215 163.587944 919.122265
1153.382151 55.720551 772.660083
1196.822578 234.588927 579.145285
1171.574691 305.40046 572.014231
1114.905928 294.482702 546.497399
1251.505128 448.843182 571.819391
1213.626154 432.905836 697.443568