-0.055927 -0.535582 0.835558 0.108934
-0.035856 -0.607668 0.792782 -0.030833
0.118465 -0.674138 0.719101 -0.119992
-0.178097 0.690565 -0.686468 0.141999
-0.257706 0.687823 -0.659479 0.15992
0.155316 -0.655879 0.738501 -0.017784
0.01953 -0.47469 0.878489 0.050448
-0.011685 -0.551719 0.828779 0.092709
0.077645 -0.537716 0.824405 0.158713
0.097223 -0.576313 0.790257 0.184133
-0.129058 0.745889 -0.650687 -0.060003
-0.154911 0.699005 -0.694146 -0.074544
-0.22242 0.776683 -0.589146 0.0141
-0.11001 -0.548623 0.823963 -0.089418
-0.116512 -0.485134 0.86285 -0.080993
-0.174357 -0.403276 0.898306 -0.003866
-0.145121 -0.369196 0.913817 0.087024
-0.137892 -0.423739 0.890964 0.087264
-0.065779 -0.515349 0.854126 0.02361
0.000059 -0.634574 0.771905 -0.038461
-0.071506 0.710736 -0.694854 0.083181
0.127925 -0.569825 0.811696 0.009153
0.223738 -0.686644 0.688181 -0.069769
-0.26012 0.728877 -0.632706 0.027554
0.226009 -0.666125 0.709235 0.046733
0.130098 -0.482665 0.854075 0.143753
0.016259 -0.348663 0.929485 0.119276
-0.060962 -0.220917 0.967106 0.110391
-0.011824 -0.420089 0.887785 0.187678
0.017107 -0.422852 0.879903 0.216042
0.08023 -0.547695 0.805471 0.211681
-0.161791 0.695486 -0.687562 -0.131841
-0.172838 0.780724 -0.596313 -0.070761
-0.209605 0.754674 -0.621639 -0.009918
-0.233204 0.790828 -0.564242 0.042864
0.30893 -0.536831 0.762998 -0.184958
0.304858 -0.444031 0.827964 -0.156121
0.182236 -0.386467 0.898906 -0.096963
0.066845 -0.397819 0.91428 -0.036937
-0.06795 -0.272337 0.959567 0.021152