-91.029136 964.118498 841.059989
-249.076089 920.780536 839.240052
-490.766532 788.610288 846.051624
139.42808 1144.431219 892.065329
168.764004 1383.922417 724.404297
32.890529 1426.854859 725.426579
32.890529 1426.854859 725.426579
-132.819674 1421.500787 725.875952
-317.278466 1372.423327 734.257048
-507.21476 1320.724917 738.64687
-560.960153 1118.935899 799.219701
-275.680511 1251.82189 790.361833
-23.939325 1458.222169 782.971043
156.73095 1182.948408 779.527881
348.309151 1143.462468 781.748957
489.490104 1075.297945 789.499404
670.741181 1015.06563 865.305354
713.145259 913.527562 777.037231
693.973315 1079.763864 780.417651
686.321788 1203.98038 780.369348
674.242282 1322.065719 783.796442
466.40171 1410.064641 774.540201
348.404915 1453.434531 764.197057
-33.524896 1487.465695 754.120504
-309.107192 1447.093167 758.971848
-507.454618 1385.127249 765.126146
-707.759434 1293.270055 777.129086
-644.982641 1198.963591 775.911362
-618.326954 1079.431883 775.80796
-766.346823 987.890519 782.269532
-742.52959 788.036725 601.9139
-39.305704 1091.441521 505.090206
52.004491 983.999529 633.488786
230.531938 859.139999 689.042182
233.39074 866.481422 694.115652
279.286305 798.944444 630.58337
321.96579 889.832875 798.536017
456.476514 830.384415 730.229618
587.833426 746.142139 736.000098
681.168539 639.304622 751.874562
397.437505 718.599203 926.894496
262.880976 799.950424 914.655
35.841678 840.179993 912.695086
-162.329311 824.857042 910.091275
-322.235015 751.145702 905.437752
-412.612776 684.097475 907.192392
-497.212008 604.521527 914.831042
32.900518 1481.205177 908.873853
147.97746 1663.105313 908.81309
347.667858 1631.435946 906.473566
344.89722 1777.198874 912.368896
186.196114 1871.390863 912.338282
-52.205683 1874.332542 909.629644
-466.284134 1690.930108 914.136089
-682.113524 1619.018061 918.501562
-875.573896 1510.879208 933.080693
-856.981102 1358.095069 932.958677
-910.815223 1276.428458 932.942493
-847.845528 1238.312531 932.896217
-627.717356 1242.505024 930.156738
-631.119794 1260.35047 929.666184
-631.109807 1059.346139 929.597513
-553.697587 976.590233 921.615308
-356.400265 1088.227638 917.042562
-118.686313 1166.204357 908.895651
162.190925 1154.969734 900.756887
319.323935 1080.922522 825.064961
431.798708 1047.059765 829.821239
631.241145 985.358259 969.920865
759.867097 955.071774 1130.799516
502.520732 1112.214741 1130.773468
342.959746 1165.067204 1119.07553
71.608425 1212.369222 1119.039898
-44.446681 1220.584203 1113.259611
-254.242589 1206.566851 1116.036072
-429.040621 1148.642421 1115.960433
-421.715936 1314.192226 1115.545214
-446.909102 1305.869401 1213.925872
-404.471727 1280.707386 581.264443
154.847292 1376.069415 556.610262