0.472888 -0.021102 0.880766 0.013487
0.427842 0.142665 0.887758 0.092107
0.558643 0.13772 0.808595 0.122982
0.50384 0.066064 0.816515 0.274016
0.459354 -0.098566 0.841488 0.266789
0.485866 -0.192659 0.778495 0.347509
0.529329 0.554986 0.632573 0.107948
0.55213 0.569945 0.60394 0.074649
0.572164 0.607669 0.550466 0.0188
0.571804 0.61926 0.538102 0.001607
0.598047 0.513834 0.610858 0.071878
0.53984 0.449336 0.703854 0.106107
0.477468 0.441009 0.746847 0.140554
0.509113 0.404057 0.734241 0.196038
0.416371 0.376547 0.794164 0.232702
0.439367 0.304592 0.833833 0.137488
0.417901 -0.311126 0.849499 -0.083132
0.477167 0.227688 0.823305 0.20649
0.413069 0.232948 0.860243 0.187325
0.457997 -0.046365 0.866566 0.19275
0.425158 -0.053541 0.842472 0.32652
0.417005 -0.049213 0.818989 0.391077
0.418261 -0.087551 0.830337 0.357677
0.386788 -0.103759 0.855029 0.329476
0.459868 0.055776 0.806825 0.366666
0.459868 0.055778 0.806824 0.366667
0.417736 -0.038806 0.837696 0.349651
0.387962 -0.098313 0.854916 0.330058
0.426416 0.082658 0.870425 0.231727
0.498306 -0.098204 0.830791 0.227671
0.398062 0.072224 0.902589 0.147185
0.376112 0.204523 0.88489 0.183523
0.341864 0.38546 0.853895 -0.073571
0.401587 0.366913 0.830085 -0.122726
0.410531 0.380477 0.810807 -0.171154
0.391643 0.413396 0.800645 -0.186248
0.395668 0.14406 0.905801 -0.047087
0.380556 0.331908 0.841008 0.194215
0.262188 0.181688 0.921497 0.221562
0.368979 0.201811 0.893828 0.155555
0.466986 -0.460103 0.755124 0.004141
0.250361 0.254755 0.932845 0.047104
0.201757 0.353858 0.904635 0.125353
0.273262 0.34965 0.883205 0.15173
0.272948 0.475616 0.798246 0.249184
0.1885 0.526547 0.78854 0.255776
0.149986 0.57272 0.734437 0.331811
0.226793 0.372631 0.85422 0.282876
0.338799 -0.140255 0.929484 0.04003
0.331254 -0.22719 0.914293 -0.0522
0.271613 -0.337061 0.892638 -0.125752
0.385698 0.098556 0.901967 0.167269
0.328466 0.324239 0.847794 0.261199
0.377262 0.157176 0.912638 0.007855
0.34069 0.194178 0.896691 -0.205354
0.335879 0.191699 0.898031 -0.209706
0.323209 0.216094 0.876042 -0.28529
0.317303 0.212675 0.877416 -0.290224
0.300052 0.149211 0.921548 -0.196097
0.396224 0.262586 0.857088 -0.198635
0.457423 0.193763 0.829037 0.256744
0.398275 -0.134964 0.877959 0.228801
0.353785 -0.254611 0.878664 0.194833
0.312498 -0.342007 0.872006 0.158055
0.266215 -0.345343 0.88877 0.141265
0.238826 -0.31715 0.908077 0.133318
0.275843 -0.276785 0.910387 0.135999
0.301278 -0.172218 0.929191 0.127189
0.225447 0.042848 0.959166 0.165342
0.269793 0.30672 0.882902 0.231556
0.52578 0.089588 0.845744 0.015686
0.501713 0.189465 0.843242 0.036472
0.537825 0.208474 0.816872 0.00185
0.468928 0.44023 0.765283 0.025439
0.419709 0.593 0.684063 0.065215