0.013858 0.813209 -0.579282 0.054148
0.004107 0.86573 -0.482919 0.131469
-0.007005 0.896695 -0.38511 0.218126
-0.158477 0.815174 -0.532887 0.162505
-0.184555 0.796797 -0.575356 0.004334
-0.223166 0.753592 -0.604855 -0.128245
-0.267031 0.683308 -0.638652 -0.232183
-0.308307 0.7061 -0.587388 -0.24768
-0.108934 0.742446 -0.621696 -0.224502
-0.055742 0.7139 -0.656223 -0.23793
0.066161 0.73065 -0.632477 -0.248489
0.09743 0.725319 -0.639732 -0.234866
0.091064 0.787217 -0.561894 -0.237216
0.029568 0.738064 -0.667641 -0.092962
-0.028478 0.817609 -0.575066 -0.001989
-0.120609 0.920483 -0.361503 0.086482
-0.184412 0.741614 -0.635397 0.110773
-0.175588 0.691932 -0.68917 0.124272
0.09009 -0.618204 0.774501 -0.09928
-0.000252 -0.554422 0.828084 -0.083025
-0.088876 -0.667905 0.738336 -0.029393
0.132028 0.760431 -0.63458 0.040268
0.118051 0.738602 -0.651633 0.126115
0.041299 0.808322 -0.542717 0.22443
-0.005128 0.849869 -0.463428 0.25086
-0.041913 0.871032 -0.408322 0.269853
-0.125353 0.843578 -0.440368 0.280603
-0.149448 0.712363 -0.65515 -0.202442
-0.129876 0.726079 -0.647936 -0.190052
0.043374 0.727146 -0.656561 -0.195716
-0.143865 0.825195 -0.431571 -0.334816
-0.103483 0.721397 -0.608783 -0.313466
-0.034281 -0.608666 0.770777 -0.185077
-0.049762 0.70048 -0.662352 0.261038
-0.111559 0.770118 -0.579336 0.242576
-0.131411 0.815889 -0.512844 0.232479
-0.170013 0.838761 -0.497831 0.140495
0.029648 -0.531415 0.84195 0.088545
-0.036402 -0.625858 0.770462 0.115609
0.192912 0.731355 -0.631615 -0.170198
