-13.756591 1368.763353 557.001959
-130.674007 1352.936192 560.792884
-253.034814 1324.967005 568.956688
-318.85128 1162.682695 569.989579
-185.457621 1082.766688 565.255401
-52.242356 1010.082554 572.058623
51.874018 948.739519 594.926282
153.084397 952.09986 579.330764
217.424664 1047.924044 615.223991
384.277337 1085.194464 656.217468
355.277445 1239.082919 625.400029
334.43488 1272.528873 557.909546
291.690485 1239.991093 544.14082
140.341503 1241.192217 652.513221
-62.099542 1236.843718 650.095737
-256.525117 1118.615624 655.47105
-350.630859 1189.644207 661.987354
-168.978092 1342.256172 661.983156
-123.337477 1336.29935 654.29334
56.212113 1419.841607 651.202019
182.287228 1515.312215 687.987163
180.308337 1606.49683 690.712707
-30.14292 1606.598368 690.471695
-153.304713 1574.479131 653.13186
-344.0745 1408.346955 671.346697
-396.798384 1297.431596 673.781294
-470.414241 1173.640349 679.082554
79.077008 1020.286329 643.17561
310.132798 1041.637674 748.985566
498.126021 1196.44532 758.065225
381.125078 1014.944413 624.444277
191.415727 943.58359 576.062084
-41.929906 1526.391098 556.138175
-242.056866 1505.63645 565.611744
-232.476321 1528.158261 688.208168
-448.247263 1308.920182 672.646213
-374.655313 1107.912691 704.173937
106.936697 1188.823838 693.379393
331.894852 1211.97163 811.789664
343.468689 1354.555355 648.110996
